$ANSIBLE_VAULT;1.1;AES256
61383135643063633330363263623135393339623534666337386661626131366432303562316165
3734366131646339646131663434653230343263353065320a613164616165373837623139653563
34386535306461626432313937306133353966656539393639373433666336363035373164383136
3563653836653330310a353231336665666531383963663563386235633334346135616466376463
66646536333838623336653731386363303261636131333864313863366334343665326466653565
34373761386635663066363430383835363162623663663737376139626131643831363061343561
61373566303365663933323863343436666334663165383461616334643331623737666666396337
65343730353734306632383231343237333636626463633533653465623237313630356437363163
31356232363163333566623635626239326365643233633862373831633338343234346232616262
65383137383832626131323739336131326630373338353965393264373530323537373364393138
66373939313161393031393738336531653036326365643636626236396330356165366139353062
62626332366230343232383764376232623636383134396536613966306139633833336164316162
39323236653432363731626433653330323164363864656466626538333163643866643161616136
31663164646239393466386637653262316164383235326461633634376330356561383961396363
39303730653334366635613363363336653062636634633161386232363633373464646630353461
64316138333038613134306637643038333333313164343031646662663736336436613733646564
66393835643337643763306235643332383931333666303934373863646637303830623263623066
61623338656563656230616430666166623539623030323333303034323239313336333934316566
61383337626636626339353266663032353536353766386364383961333336666238323135666535
32313963663538313235396333383232306266373263353230633039313266653261303937623537
39376437623262313434613437313663396263313338323065316166386434316433633032303063
34363365636438343433313034326566383866656166666232326366383130396230373638613833
30343436396633653033666363646666303333323865613865653536646430386334653834343864
35643833633634666636656361626462336335626530306133643761356465323435303665363862
36326232666530336364336138373763313338656538633633333965386631636238616333346436
3162393438323562313961366334383332373336643630396463
